{
 "cells": [
  {
   "cell_type": "markdown",
   "metadata": {},
   "source": [
    "# Sweeps - Capacitance matrix"
   ]
  },
  {
   "cell_type": "markdown",
   "metadata": {},
   "source": [
    "### Prerequisite\n",
    "You need to have a working local installation of Ansys"
   ]
  },
  {
   "cell_type": "markdown",
   "metadata": {},
   "source": [
    "## 1. Perform the necessary imports and create a QDesign in Metal first."
   ]
  },
  {
   "cell_type": "code",
   "execution_count": 1,
   "metadata": {},
   "outputs": [],
   "source": [
    "%load_ext autoreload\n",
    "%autoreload 2"
   ]
  },
  {
   "cell_type": "code",
   "execution_count": 2,
   "metadata": {},
   "outputs": [],
   "source": [
    "import qiskit_metal as metal\n",
    "from qiskit_metal import designs, draw\n",
    "from qiskit_metal import MetalGUI, Dict, Headings\n",
    "from qiskit_metal.analyses.quantization import LOManalysis\n",
    "from qiskit_metal.renderers.renderer_ansys.ansys_renderer import QAnsysRenderer"
   ]
  },
  {
   "cell_type": "code",
   "execution_count": 3,
   "metadata": {},
   "outputs": [],
   "source": [
    "design = designs.DesignPlanar()\n",
    "gui = MetalGUI(design)\n",
    "\n",
    "from qiskit_metal.qlibrary.qubits.transmon_pocket import TransmonPocket"
   ]
  },
  {
   "cell_type": "code",
   "execution_count": 4,
   "metadata": {},
   "outputs": [],
   "source": [
    "design.variables['cpw_width'] = '15 um'\n",
    "design.variables['cpw_gap'] = '9 um'"
   ]
  },
  {
   "cell_type": "markdown",
   "metadata": {},
   "source": [
    "### In this example, the design consists of 4 qubits and 4 CPWs."
   ]
  },
  {
   "cell_type": "code",
   "execution_count": 5,
   "metadata": {},
   "outputs": [],
   "source": [
    "# Allow running the same cell here multiple times to overwrite changes\n",
    "design.overwrite_enabled = True\n",
    "\n",
    "## Custom options for all the transmons\n",
    "options = dict(\n",
    "    # Some options we want to modify from the defaults\n",
    "    # (see below for defaults)\n",
    "    pad_width = '425 um', \n",
    "    pocket_height = '650um',\n",
    "    # Adding 4 connectors (see below for defaults)\n",
    "    connection_pads=dict(\n",
    "        readout = dict(loc_W=+1,loc_H=-1, pad_width='200um'),\n",
    "        bus1 = dict(loc_W=-1,loc_H=+1, pad_height='30um'),\n",
    "        bus2 = dict(loc_W=-1,loc_H=-1, pad_height='50um')\n",
    "    )\n",
    ")\n",
    "\n",
    "## Create 4 transmons\n",
    "\n",
    "q1 = TransmonPocket(design, 'Q1', options = dict(\n",
    "    pos_x='+2.42251mm', pos_y='+0.0mm', **options))\n",
    "q2 = TransmonPocket(design, 'Q2', options = dict(\n",
    "    pos_x='+0.0mm', pos_y='-0.95mm', orientation = '270', **options))\n",
    "q3 = TransmonPocket(design, 'Q3', options = dict(\n",
    "    pos_x='-2.42251mm', pos_y='+0.0mm', orientation = '180', **options))\n",
    "q4 = TransmonPocket(design, 'Q4', options = dict(\n",
    "    pos_x='+0.0mm', pos_y='+0.95mm', orientation = '90', **options))\n",
    "\n",
    "from qiskit_metal.qlibrary.tlines.meandered import RouteMeander\n",
    "RouteMeander.get_template_options(design)\n",
    "\n",
    "options = Dict(\n",
    "        lead=Dict(\n",
    "            start_straight='0.2mm',\n",
    "            end_straight='0.2mm'),\n",
    "        trace_gap='9um',\n",
    "        trace_width='15um')\n",
    "\n",
    "def connect(component_name: str, component1: str, pin1: str, component2: str, pin2: str,\n",
    "            length: str, asymmetry='0 um', flip=False, fillet='90um'):\n",
    "    \"\"\"Connect two pins with a CPW.\"\"\"\n",
    "    myoptions = Dict(\n",
    "        fillet=fillet,\n",
    "        hfss_wire_bonds = True,\n",
    "        pin_inputs=Dict(\n",
    "            start_pin=Dict(\n",
    "                component=component1,\n",
    "                pin=pin1),\n",
    "            end_pin=Dict(\n",
    "                component=component2,\n",
    "                pin=pin2)),\n",
    "        total_length=length)\n",
    "    myoptions.update(options)\n",
    "    myoptions.meander.asymmetry = asymmetry\n",
    "    myoptions.meander.lead_direction_inverted = 'true' if flip else 'false'\n",
    "    return RouteMeander(design, component_name, myoptions)\n",
    "\n",
    "asym = 140\n",
    "cpw1 = connect('cpw1', 'Q1', 'bus2', 'Q2', 'bus1', '5.6 mm', f'+{asym}um')\n",
    "cpw2 = connect('cpw2', 'Q3', 'bus1', 'Q2', 'bus2', '5.7 mm', f'-{asym}um', flip=True)\n",
    "cpw3 = connect('cpw3', 'Q3', 'bus2', 'Q4', 'bus1', '5.6 mm', f'+{asym}um')\n",
    "cpw4 = connect('cpw4', 'Q1', 'bus1', 'Q4', 'bus2', '5.7 mm', f'-{asym}um', flip=True)\n",
    "\n",
    "gui.rebuild()\n",
    "gui.autoscale()"
   ]
  },
  {
   "cell_type": "markdown",
   "metadata": {},
   "source": [
    "## 2 Metal passes information to the simulator \"q3d\" to extract the capacitance matrix.\n"
   ]
  },
  {
   "cell_type": "code",
   "execution_count": 6,
   "metadata": {},
   "outputs": [],
   "source": [
    "c1 = LOManalysis(design, \"q3d\")"
   ]
  },
  {
   "cell_type": "markdown",
   "metadata": {},
   "source": [
    "Prepare data to pass as arguments for method run_sweep()."
   ]
  },
  {
   "cell_type": "code",
   "execution_count": 7,
   "metadata": {},
   "outputs": [],
   "source": [
    "render_design_argument_qcomps = ['Q1']\n",
    "\n",
    "render_design_argument_endcaps = [('Q1', 'readout'), ('Q1', 'bus1'),('Q1', 'bus2')]\n"
   ]
  },
  {
   "cell_type": "code",
   "execution_count": 8,
   "metadata": {},
   "outputs": [
    {
     "data": {
      "text/plain": [
       "{'name': 'Setup',\n",
       " 'reuse_selected_design': True,\n",
       " 'reuse_setup': True,\n",
       " 'freq_ghz': 5.0,\n",
       " 'save_fields': False,\n",
       " 'enabled': True,\n",
       " 'max_passes': 15,\n",
       " 'min_passes': 2,\n",
       " 'min_converged_passes': 2,\n",
       " 'percent_error': 0.5,\n",
       " 'percent_refinement': 30,\n",
       " 'auto_increase_solution_order': True,\n",
       " 'solution_order': 'High',\n",
       " 'solver_type': 'Iterative'}"
      ]
     },
     "execution_count": 8,
     "metadata": {},
     "output_type": "execute_result"
    }
   ],
   "source": [
    "# To identify the agruments that you can change.\n",
    "# They will change based on the simulation software used.\n",
    "c1.sim.setup"
   ]
  },
  {
   "cell_type": "code",
   "execution_count": 9,
   "metadata": {},
   "outputs": [],
   "source": [
    "# For the simulation software, if you don't want to use the default values, \n",
    "# you can update them as seen below.\n",
    "\n",
    "# If a setup named \"sweeper_q3d_setup\" exists in the project, it will be deleted, \n",
    "# and a new setup will be added.\n",
    "c1.sim.setup.name = \"sweeper_q3d_setup\"\n",
    "\n",
    "c1.sim.setup.freq_ghz = 5.6\n",
    "c1.sim.setup.max_passes = 9\n",
    "c1.sim.setup.min_passes = 2\n",
    "c1.sim.setup.percent_error = 0.45"
   ]
  },
  {
   "cell_type": "markdown",
   "metadata": {},
   "source": [
    "\n",
    "\n",
    "We will look at modifying the pad_gap of qubit 1, to see how it impacts the anharmonicity of the qubit.\n",
    "\n",
    "The steps will be;\n",
    "- Connect to Ansys Q3D.\n",
    "- Rebuild QComponents in Metal.\n",
    "- Render QComponents within Q3D and setup the simulation.\n",
    "- Delete/Clear the Q3D between each simulation.\n",
    "- Using the capacitance matrices, LOM for each value in option_sweep is found.\n",
    "\n",
    "#### Returns a dict and return code.  If the return code is zero, there were no errors detected.  \n",
    "#### The dict has:  key = each value used to sweep, value = capacitance matrix\n",
    "\n",
    "#### This could take minutes or hours based on the complexity of the design.\n",
    "\n"
   ]
  },
  {
   "cell_type": "code",
   "execution_count": 10,
   "metadata": {},
   "outputs": [
    {
     "name": "stderr",
     "output_type": "stream",
     "text": [
      "INFO 03:48PM [connect_project]: Connecting to Ansys Desktop API...\n",
      "INFO 03:48PM [load_ansys_project]: \tOpened Ansys App\n",
      "INFO 03:48PM [load_ansys_project]: \tOpened Ansys Desktop v2023.1.0\n",
      "INFO 03:48PM [load_ansys_project]: \tOpened Ansys Project\n",
      "\tFolder:    C:/Users/askev/OneDrive/文件/Ansoft/\n",
      "\tProject:   Project3\n",
      "INFO 03:48PM [connect_design]: \tOpened active design\n",
      "\tDesign:    GetEigenModeSolution_hfss [Solution type: Eigenmode]\n",
      "INFO 03:48PM [get_setup]: \tOpened setup `Setup`  (<class 'pyEPR.ansys.HfssEMSetup'>)\n",
      "INFO 03:48PM [connect]: \tConnected to project \"Project3\" and design \"GetEigenModeSolution_hfss\" 😀 \n",
      "\n",
      "INFO 03:48PM [connect_design]: \tOpened active design\n",
      "\tDesign:    GetCapacitance_q3d [Solution type: Q3D]\n",
      "WARNING 03:48PM [connect_setup]: \tNo design setup detected.\n",
      "WARNING 03:48PM [connect_setup]: \tCreating Q3D default setup.\n",
      "INFO 03:48PM [get_setup]: \tOpened setup `Setup`  (<class 'pyEPR.ansys.AnsysQ3DSetup'>)\n",
      "INFO 03:48PM [get_setup]: \tOpened setup `sweeper_q3d_setup`  (<class 'pyEPR.ansys.AnsysQ3DSetup'>)\n",
      "INFO 03:48PM [analyze]: Analyzing setup sweeper_q3d_setup\n",
      "INFO 03:48PM [get_matrix]: Exporting matrix data to (C:\\Users\\askev\\AppData\\Local\\Temp\\tmpqmfv3zdz.txt, C, , sweeper_q3d_setup:LastAdaptive, \"Original\", \"ohm\", \"nH\", \"fF\", \"mSie\", 5600000000, Maxwell, 1, False\n",
      "INFO 03:48PM [get_matrix]: Exporting matrix data to (C:\\Users\\askev\\AppData\\Local\\Temp\\tmp4rneasvg.txt, C, , sweeper_q3d_setup:AdaptivePass, \"Original\", \"ohm\", \"nH\", \"fF\", \"mSie\", 5600000000, Maxwell, 1, False\n",
      "INFO 03:48PM [get_matrix]: Exporting matrix data to (C:\\Users\\askev\\AppData\\Local\\Temp\\tmpecgzowue.txt, C, , sweeper_q3d_setup:AdaptivePass, \"Original\", \"ohm\", \"nH\", \"fF\", \"mSie\", 5600000000, Maxwell, 2, False\n",
      "INFO 03:48PM [get_matrix]: Exporting matrix data to (C:\\Users\\askev\\AppData\\Local\\Temp\\tmp7kkry6x3.txt, C, , sweeper_q3d_setup:AdaptivePass, \"Original\", \"ohm\", \"nH\", \"fF\", \"mSie\", 5600000000, Maxwell, 3, False\n",
      "INFO 03:48PM [get_matrix]: Exporting matrix data to (C:\\Users\\askev\\AppData\\Local\\Temp\\tmpwu_z5tf7.txt, C, , sweeper_q3d_setup:AdaptivePass, \"Original\", \"ohm\", \"nH\", \"fF\", \"mSie\", 5600000000, Maxwell, 4, False\n",
      "INFO 03:48PM [get_matrix]: Exporting matrix data to (C:\\Users\\askev\\AppData\\Local\\Temp\\tmpe3o63b00.txt, C, , sweeper_q3d_setup:AdaptivePass, \"Original\", \"ohm\", \"nH\", \"fF\", \"mSie\", 5600000000, Maxwell, 5, False\n",
      "INFO 03:48PM [get_matrix]: Exporting matrix data to (C:\\Users\\askev\\AppData\\Local\\Temp\\tmphaj65blj.txt, C, , sweeper_q3d_setup:AdaptivePass, \"Original\", \"ohm\", \"nH\", \"fF\", \"mSie\", 5600000000, Maxwell, 6, False\n",
      "INFO 03:48PM [get_matrix]: Exporting matrix data to (C:\\Users\\askev\\AppData\\Local\\Temp\\tmplybdz3r5.txt, C, , sweeper_q3d_setup:AdaptivePass, \"Original\", \"ohm\", \"nH\", \"fF\", \"mSie\", 5600000000, Maxwell, 7, False\n",
      "INFO 03:48PM [get_matrix]: Exporting matrix data to (C:\\Users\\askev\\AppData\\Local\\Temp\\tmp5we7bqtd.txt, C, , sweeper_q3d_setup:AdaptivePass, \"Original\", \"ohm\", \"nH\", \"fF\", \"mSie\", 5600000000, Maxwell, 8, False\n",
      "INFO 03:48PM [get_matrix]: Exporting matrix data to (C:\\Users\\askev\\AppData\\Local\\Temp\\tmp66e2l2q2.txt, C, , sweeper_q3d_setup:AdaptivePass, \"Original\", \"ohm\", \"nH\", \"fF\", \"mSie\", 5600000000, Maxwell, 9, False\n",
      "INFO 03:48PM [get_matrix]: Exporting matrix data to (C:\\Users\\askev\\AppData\\Local\\Temp\\tmpegaw8ujp.txt, C, , sweeper_q3d_setup:AdaptivePass, \"Original\", \"ohm\", \"nH\", \"fF\", \"mSie\", 5600000000, Maxwell, 10, False\n"
     ]
    },
    {
     "name": "stdout",
     "output_type": "stream",
     "text": [
      "[3, 4] [5 0 1]\n",
      "Predicted Values\n",
      "\n",
      "Transmon Properties\n",
      "f_Q 5.247412 [GHz]\n",
      "EC 282.297483 [MHz]\n",
      "EJ 13.616300 [GHz]\n",
      "alpha -325.270823 [MHz]\n",
      "dispersion 15.110759 [KHz]\n",
      "Lq 11.995161 [nH]\n",
      "Cq 68.616368 [fF]\n",
      "T1 55.257386 [us]\n",
      "\n",
      "**Coupling Properties**\n",
      "\n",
      "tCqbus1 7.541487 [fF]\n",
      "gbus1_in_MHz 108.609156 [MHz]\n",
      "χ_bus1 -2.159784 [MHz]\n",
      "1/T1bus1 1973.934040 [Hz]\n",
      "T1bus1 80.628299 [us]\n",
      "\n",
      "tCqbus2 -6.652598 [fF]\n",
      "gbus2_in_MHz -82.320882 [MHz]\n",
      "χ_bus2 -5.470586 [MHz]\n",
      "1/T1bus2 625.030509 [Hz]\n",
      "T1bus2 254.635479 [us]\n",
      "\n",
      "tCqbus3 5.476783 [fF]\n",
      "gbus3_in_MHz 69.986339 [MHz]\n",
      "χ_bus3 -2.642687 [MHz]\n",
      "1/T1bus3 281.282847 [Hz]\n",
      "T1bus3 565.818161 [us]\n",
      "Bus-Bus Couplings\n",
      "gbus1_2 7.514495 [MHz]\n",
      "gbus1_3 10.425045 [MHz]\n",
      "gbus2_3 5.686929 [MHz]\n"
     ]
    },
    {
     "name": "stderr",
     "output_type": "stream",
     "text": [
      "INFO 03:48PM [connect_design]: \tOpened active design\n",
      "\tDesign:    GetCapacitance_q3d [Solution type: Q3D]\n",
      "INFO 03:48PM [get_setup]: \tOpened setup `sweeper_q3d_setup`  (<class 'pyEPR.ansys.AnsysQ3DSetup'>)\n",
      "INFO 03:48PM [analyze]: Analyzing setup sweeper_q3d_setup\n",
      "INFO 03:49PM [get_matrix]: Exporting matrix data to (C:\\Users\\askev\\AppData\\Local\\Temp\\tmp69e2t4nc.txt, C, , sweeper_q3d_setup:LastAdaptive, \"Original\", \"ohm\", \"nH\", \"fF\", \"mSie\", 5600000000, Maxwell, 1, False\n",
      "INFO 03:49PM [get_matrix]: Exporting matrix data to (C:\\Users\\askev\\AppData\\Local\\Temp\\tmppahhiq8_.txt, C, , sweeper_q3d_setup:AdaptivePass, \"Original\", \"ohm\", \"nH\", \"fF\", \"mSie\", 5600000000, Maxwell, 1, False\n",
      "INFO 03:49PM [get_matrix]: Exporting matrix data to (C:\\Users\\askev\\AppData\\Local\\Temp\\tmpfk51bkuc.txt, C, , sweeper_q3d_setup:AdaptivePass, \"Original\", \"ohm\", \"nH\", \"fF\", \"mSie\", 5600000000, Maxwell, 2, False\n",
      "INFO 03:49PM [get_matrix]: Exporting matrix data to (C:\\Users\\askev\\AppData\\Local\\Temp\\tmp71adc508.txt, C, , sweeper_q3d_setup:AdaptivePass, \"Original\", \"ohm\", \"nH\", \"fF\", \"mSie\", 5600000000, Maxwell, 3, False\n",
      "INFO 03:49PM [get_matrix]: Exporting matrix data to (C:\\Users\\askev\\AppData\\Local\\Temp\\tmpsxl1vsug.txt, C, , sweeper_q3d_setup:AdaptivePass, \"Original\", \"ohm\", \"nH\", \"fF\", \"mSie\", 5600000000, Maxwell, 4, False\n",
      "INFO 03:49PM [get_matrix]: Exporting matrix data to (C:\\Users\\askev\\AppData\\Local\\Temp\\tmpph_n_op5.txt, C, , sweeper_q3d_setup:AdaptivePass, \"Original\", \"ohm\", \"nH\", \"fF\", \"mSie\", 5600000000, Maxwell, 5, False\n",
      "INFO 03:49PM [get_matrix]: Exporting matrix data to (C:\\Users\\askev\\AppData\\Local\\Temp\\tmp74s3h37x.txt, C, , sweeper_q3d_setup:AdaptivePass, \"Original\", \"ohm\", \"nH\", \"fF\", \"mSie\", 5600000000, Maxwell, 6, False\n",
      "INFO 03:49PM [get_matrix]: Exporting matrix data to (C:\\Users\\askev\\AppData\\Local\\Temp\\tmpsfiav0ap.txt, C, , sweeper_q3d_setup:AdaptivePass, \"Original\", \"ohm\", \"nH\", \"fF\", \"mSie\", 5600000000, Maxwell, 7, False\n",
      "INFO 03:49PM [get_matrix]: Exporting matrix data to (C:\\Users\\askev\\AppData\\Local\\Temp\\tmpnyl1mnhn.txt, C, , sweeper_q3d_setup:AdaptivePass, \"Original\", \"ohm\", \"nH\", \"fF\", \"mSie\", 5600000000, Maxwell, 8, False\n",
      "INFO 03:49PM [get_matrix]: Exporting matrix data to (C:\\Users\\askev\\AppData\\Local\\Temp\\tmpld6tlgt4.txt, C, , sweeper_q3d_setup:AdaptivePass, \"Original\", \"ohm\", \"nH\", \"fF\", \"mSie\", 5600000000, Maxwell, 9, False\n"
     ]
    },
    {
     "name": "stdout",
     "output_type": "stream",
     "text": [
      "[3, 4] [5 0 1]\n",
      "Predicted Values\n",
      "\n",
      "Transmon Properties\n",
      "f_Q 5.461668 [GHz]\n",
      "EC 307.453057 [MHz]\n",
      "EJ 13.616300 [GHz]\n",
      "alpha -357.099183 [MHz]\n",
      "dispersion 33.328972 [KHz]\n",
      "Lq 11.995161 [nH]\n",
      "Cq 63.002230 [fF]\n",
      "T1 31.296952 [us]\n",
      "\n",
      "**Coupling Properties**\n",
      "\n",
      "tCqbus1 7.549943 [fF]\n",
      "gbus1_in_MHz 116.235853 [MHz]\n",
      "χ_bus1 -3.373308 [MHz]\n",
      "1/T1bus1 3070.694236 [Hz]\n",
      "T1bus1 51.830280 [us]\n",
      "\n",
      "tCqbus2 -6.638235 [fF]\n",
      "gbus2_in_MHz -87.812044 [MHz]\n",
      "χ_bus2 -11.467976 [MHz]\n",
      "1/T1bus2 1450.021950 [Hz]\n",
      "T1bus2 109.760368 [us]\n",
      "\n",
      "tCqbus3 5.506337 [fF]\n",
      "gbus3_in_MHz 75.219769 [MHz]\n",
      "χ_bus3 -5.026928 [MHz]\n",
      "1/T1bus3 564.601440 [Hz]\n",
      "T1bus3 281.889014 [us]\n",
      "Bus-Bus Couplings\n",
      "gbus1_2 7.286932 [MHz]\n",
      "gbus1_3 10.181252 [MHz]\n",
      "gbus2_3 5.497324 [MHz]\n"
     ]
    },
    {
     "name": "stderr",
     "output_type": "stream",
     "text": [
      "INFO 03:49PM [connect_design]: \tOpened active design\n",
      "\tDesign:    GetCapacitance_q3d [Solution type: Q3D]\n",
      "INFO 03:49PM [get_setup]: \tOpened setup `sweeper_q3d_setup`  (<class 'pyEPR.ansys.AnsysQ3DSetup'>)\n",
      "INFO 03:49PM [analyze]: Analyzing setup sweeper_q3d_setup\n",
      "INFO 03:49PM [get_matrix]: Exporting matrix data to (C:\\Users\\askev\\AppData\\Local\\Temp\\tmpboiqwk9r.txt, C, , sweeper_q3d_setup:LastAdaptive, \"Original\", \"ohm\", \"nH\", \"fF\", \"mSie\", 5600000000, Maxwell, 1, False\n",
      "INFO 03:49PM [get_matrix]: Exporting matrix data to (C:\\Users\\askev\\AppData\\Local\\Temp\\tmplefwup8m.txt, C, , sweeper_q3d_setup:AdaptivePass, \"Original\", \"ohm\", \"nH\", \"fF\", \"mSie\", 5600000000, Maxwell, 1, False\n",
      "INFO 03:49PM [get_matrix]: Exporting matrix data to (C:\\Users\\askev\\AppData\\Local\\Temp\\tmpdtw6jl1a.txt, C, , sweeper_q3d_setup:AdaptivePass, \"Original\", \"ohm\", \"nH\", \"fF\", \"mSie\", 5600000000, Maxwell, 2, False\n",
      "INFO 03:49PM [get_matrix]: Exporting matrix data to (C:\\Users\\askev\\AppData\\Local\\Temp\\tmpujn3iiti.txt, C, , sweeper_q3d_setup:AdaptivePass, \"Original\", \"ohm\", \"nH\", \"fF\", \"mSie\", 5600000000, Maxwell, 3, False\n",
      "INFO 03:49PM [get_matrix]: Exporting matrix data to (C:\\Users\\askev\\AppData\\Local\\Temp\\tmpbjq9sbh6.txt, C, , sweeper_q3d_setup:AdaptivePass, \"Original\", \"ohm\", \"nH\", \"fF\", \"mSie\", 5600000000, Maxwell, 4, False\n",
      "INFO 03:49PM [get_matrix]: Exporting matrix data to (C:\\Users\\askev\\AppData\\Local\\Temp\\tmp5swanvtr.txt, C, , sweeper_q3d_setup:AdaptivePass, \"Original\", \"ohm\", \"nH\", \"fF\", \"mSie\", 5600000000, Maxwell, 5, False\n",
      "INFO 03:49PM [get_matrix]: Exporting matrix data to (C:\\Users\\askev\\AppData\\Local\\Temp\\tmp1a1t77tt.txt, C, , sweeper_q3d_setup:AdaptivePass, \"Original\", \"ohm\", \"nH\", \"fF\", \"mSie\", 5600000000, Maxwell, 6, False\n",
      "INFO 03:49PM [get_matrix]: Exporting matrix data to (C:\\Users\\askev\\AppData\\Local\\Temp\\tmp0np_5eay.txt, C, , sweeper_q3d_setup:AdaptivePass, \"Original\", \"ohm\", \"nH\", \"fF\", \"mSie\", 5600000000, Maxwell, 7, False\n",
      "INFO 03:49PM [get_matrix]: Exporting matrix data to (C:\\Users\\askev\\AppData\\Local\\Temp\\tmp8yrhzu4t.txt, C, , sweeper_q3d_setup:AdaptivePass, \"Original\", \"ohm\", \"nH\", \"fF\", \"mSie\", 5600000000, Maxwell, 8, False\n",
      "INFO 03:49PM [get_matrix]: Exporting matrix data to (C:\\Users\\askev\\AppData\\Local\\Temp\\tmpapfuv4tf.txt, C, , sweeper_q3d_setup:AdaptivePass, \"Original\", \"ohm\", \"nH\", \"fF\", \"mSie\", 5600000000, Maxwell, 9, False\n"
     ]
    },
    {
     "name": "stdout",
     "output_type": "stream",
     "text": [
      "[3, 4] [5 0 1]\n",
      "Predicted Values\n",
      "\n",
      "Transmon Properties\n",
      "f_Q 5.602839 [GHz]\n",
      "EC 324.703464 [MHz]\n",
      "EJ 13.616300 [GHz]\n",
      "alpha -379.187685 [MHz]\n",
      "dispersion 54.270365 [KHz]\n",
      "Lq 11.995161 [nH]\n",
      "Cq 59.655132 [fF]\n",
      "T1 19.186020 [us]\n",
      "\n",
      "**Coupling Properties**\n",
      "\n",
      "tCqbus1 7.642104 [fF]\n",
      "gbus1_in_MHz 122.796596 [MHz]\n",
      "χ_bus1 -4.681908 [MHz]\n",
      "1/T1bus1 4274.812004 [Hz]\n",
      "T1bus1 37.230864 [us]\n",
      "\n",
      "tCqbus2 -6.692781 [fF]\n",
      "gbus2_in_MHz -92.403963 [MHz]\n",
      "χ_bus2 -21.050791 [MHz]\n",
      "1/T1bus2 3029.326829 [Hz]\n",
      "T1bus2 52.538056 [us]\n",
      "\n",
      "tCqbus3 5.577996 [fF]\n",
      "gbus3_in_MHz 79.529733 [MHz]\n",
      "χ_bus3 -8.262669 [MHz]\n",
      "1/T1bus3 991.221218 [Hz]\n",
      "T1bus3 160.564504 [us]\n",
      "Bus-Bus Couplings\n",
      "gbus1_2 7.165878 [MHz]\n",
      "gbus1_3 10.047044 [MHz]\n",
      "gbus2_3 5.368402 [MHz]\n"
     ]
    }
   ],
   "source": [
    "sweep_data, return_code = c1.run_sweep(q1.name,\n",
    "                                       'pad_gap',\n",
    "                                       ['20um', '30um', '40um'],\n",
    "                                       render_design_argument_qcomps,\n",
    "                                       render_design_argument_endcaps,\n",
    "                                       design_name=\"GetCapacitance\",\n",
    "                                       box_plus_buffer=True)"
   ]
  },
  {
   "cell_type": "code",
   "execution_count": 11,
   "metadata": {},
   "outputs": [
    {
     "data": {
      "text/html": [
       "<div>\n",
       "<style scoped>\n",
       "    .dataframe tbody tr th:only-of-type {\n",
       "        vertical-align: middle;\n",
       "    }\n",
       "\n",
       "    .dataframe tbody tr th {\n",
       "        vertical-align: top;\n",
       "    }\n",
       "\n",
       "    .dataframe thead th {\n",
       "        text-align: right;\n",
       "    }\n",
       "</style>\n",
       "<table border=\"1\" class=\"dataframe\">\n",
       "  <thead>\n",
       "    <tr style=\"text-align: right;\">\n",
       "      <th></th>\n",
       "      <th>Sweep Value</th>\n",
       "      <th>Ec</th>\n",
       "    </tr>\n",
       "  </thead>\n",
       "  <tbody>\n",
       "    <tr>\n",
       "      <th>0</th>\n",
       "      <td>20um</td>\n",
       "      <td>282.297483</td>\n",
       "    </tr>\n",
       "    <tr>\n",
       "      <th>1</th>\n",
       "      <td>30um</td>\n",
       "      <td>307.453057</td>\n",
       "    </tr>\n",
       "    <tr>\n",
       "      <th>2</th>\n",
       "      <td>40um</td>\n",
       "      <td>324.703464</td>\n",
       "    </tr>\n",
       "  </tbody>\n",
       "</table>\n",
       "</div>"
      ],
      "text/plain": [
       "  Sweep Value          Ec\n",
       "0        20um  282.297483\n",
       "1        30um  307.453057\n",
       "2        40um  324.703464"
      ]
     },
     "execution_count": 11,
     "metadata": {},
     "output_type": "execute_result"
    }
   ],
   "source": [
    "from pandas import DataFrame\n",
    "\n",
    "ec_val = []\n",
    "for opt_val in sweep_data.keys():\n",
    "    ec_val.append([opt_val,sweep_data[opt_val]['variables']['lumped_oscillator']['EC']])\n",
    "\n",
    "df=DataFrame(ec_val,columns = ['Sweep Value', 'Ec'])\n",
    "df"
   ]
  },
  {
   "cell_type": "markdown",
   "metadata": {},
   "source": [
    "We can grab specific values from the results as seen below;"
   ]
  },
  {
   "cell_type": "code",
   "execution_count": 12,
   "metadata": {},
   "outputs": [
    {
     "data": {
      "text/plain": [
       "dict_keys(['20um', '30um', '40um'])"
      ]
     },
     "execution_count": 12,
     "metadata": {},
     "output_type": "execute_result"
    }
   ],
   "source": [
    "sweep_data.keys()"
   ]
  },
  {
   "cell_type": "code",
   "execution_count": 13,
   "metadata": {},
   "outputs": [
    {
     "data": {
      "text/plain": [
       "dict_keys(['option_name', 'variables', 'sim_variables'])"
      ]
     },
     "execution_count": 13,
     "metadata": {},
     "output_type": "execute_result"
    }
   ],
   "source": [
    "# For each value of option, there is a set of data.\n",
    "sweep_data['20um'].keys()"
   ]
  },
  {
   "cell_type": "code",
   "execution_count": 14,
   "metadata": {},
   "outputs": [
    {
     "data": {
      "text/plain": [
       "dict_keys(['lumped_oscillator', 'lumped_oscillator_all'])"
      ]
     },
     "execution_count": 14,
     "metadata": {},
     "output_type": "execute_result"
    }
   ],
   "source": [
    "sweep_data['20um']['variables'].keys()"
   ]
  },
  {
   "cell_type": "code",
   "execution_count": 15,
   "metadata": {},
   "outputs": [
    {
     "data": {
      "text/plain": [
       "dict_keys(['sim_setup_name', 'cap_matrix', 'units', 'cap_all_passes'])"
      ]
     },
     "execution_count": 15,
     "metadata": {},
     "output_type": "execute_result"
    }
   ],
   "source": [
    "sweep_data['20um']['sim_variables'].keys()"
   ]
  },
  {
   "cell_type": "markdown",
   "metadata": {},
   "source": [
    "A boolean flag indicating whether a sweep has converged can be obtained from the `is_converged` key within the `sim_variables`. For instance, the following code retrieves the convergence result for the sweep parameter, 20um. The convergence is extracted from the Ansys Q3D renderer."
   ]
  },
  {
   "cell_type": "code",
   "execution_count": 16,
   "metadata": {},
   "outputs": [
    {
     "data": {
      "text/plain": [
       "{}"
      ]
     },
     "execution_count": 16,
     "metadata": {},
     "output_type": "execute_result"
    }
   ],
   "source": [
    "sweep_data['20um']['sim_variables']['is_converged']"
   ]
  },
  {
   "cell_type": "code",
   "execution_count": 17,
   "metadata": {},
   "outputs": [
    {
     "name": "stdout",
     "output_type": "stream",
     "text": [
      "dict_keys(['20um', '30um', '40um']) \n",
      "\n",
      "\n",
      "key=20um\n",
      "option_name['20um']['option_name']=pad_gap\n",
      "variables={'lumped_oscillator': {'fQ': 5.247411523116215, 'EC': 282.297482844184, 'EJ': 13.616300010297985, 'alpha': -325.2708230921257, 'dispersion': 15.110758714675903, 'gbus': array([108.60915642, -82.32088157,  69.98633941]), 'chi_in_MHz': array([-2.15978423, -5.47058576, -2.64268722])}, 'lumped_oscillator_all':          fQ          EC       EJ       alpha dispersion  \\\n",
      "1  5.694788  336.232061  13.6163 -394.070196  73.574683   \n",
      "2  5.571993  320.887984  13.6163 -374.283557  48.891198   \n",
      "3  5.451287  306.205866  13.6163 -355.510519  32.122595   \n",
      "4  5.384935   298.30272  13.6163 -345.469437  25.292174   \n",
      "5  5.338877  292.886292  13.6163 -338.613528  21.348784   \n",
      "6  5.299214  288.267285  13.6163 -332.783452   18.40506   \n",
      "7  5.283239  286.418644  13.6163 -330.454353  17.326278   \n",
      "8  5.264375  284.244544  13.6163 -327.718307  16.125855   \n",
      "9  5.247412  282.297483  13.6163 -325.270823  15.110759   \n",
      "\n",
      "                                                gbus  \\\n",
      "1  [102.84176548276106, -70.8783126787095, 74.973...   \n",
      "2  [107.12528325546442, -79.43382874853975, 66.45...   \n",
      "3  [104.61715646558518, -78.3701280762088, 66.765...   \n",
      "4  [104.52325602511804, -79.4554468034522, 67.364...   \n",
      "5  [106.00277169205685, -79.81496760817352, 67.85...   \n",
      "6  [106.70242803754095, -80.6909546426165, 68.745...   \n",
      "7  [107.67241522251796, -81.387487652915, 69.3360...   \n",
      "8  [108.05152422706284, -81.96053755638248, 70.07...   \n",
      "9  [108.60915641938989, -82.32088157106986, 69.98...   \n",
      "\n",
      "                                          chi_in_MHz    χr MHz      gr MHz  \n",
      "1  [-3.8117210463958857, -18.581341116170982, -9....  3.811721  102.841765  \n",
      "2  [-3.3938137123577024, -13.791415595944953, -5....  3.393814  107.125283  \n",
      "3  [-2.690428344728546, -8.83599646389582, -3.857...  2.690428  104.617156  \n",
      "4  [-2.4345959108519577, -7.418047111817185, -3.3...  2.434596  104.523256  \n",
      "5  [-2.342230294417981, -6.561915931926668, -3.04...  2.342230  106.002772  \n",
      "6  [-2.242433775145009, -6.017941149250108, -2.85...  2.242434  106.702428  \n",
      "7  [-2.232290107093307, -5.867808133650471, -2.80...  2.232290  107.672415  \n",
      "8  [-2.1890777558174754, -5.664469794574982, -2.7...  2.189078  108.051524  \n",
      "9  [-2.1597842306177024, -5.470585755323735, -2.6...  2.159784  108.609156  }\n",
      "sim_variables={'sim_setup_name': 'sweeper_q3d_setup', 'cap_matrix':                           bus1_connector_pad_Q1  bus2_connector_pad_Q1  \\\n",
      "bus1_connector_pad_Q1                  51.18116               -0.45458   \n",
      "bus2_connector_pad_Q1                  -0.45458               55.46835   \n",
      "ground_main_plane                     -34.40481              -36.69347   \n",
      "pad_bot_Q1                             -1.61517              -14.31464   \n",
      "pad_top_Q1                            -13.56265               -1.90974   \n",
      "readout_connector_pad_Q1               -0.21686               -1.04438   \n",
      "\n",
      "                          ground_main_plane  pad_bot_Q1  pad_top_Q1  \\\n",
      "bus1_connector_pad_Q1             -34.40481    -1.61517   -13.56265   \n",
      "bus2_connector_pad_Q1             -36.69347   -14.31464    -1.90974   \n",
      "ground_main_plane                 236.19350   -30.67180   -37.32093   \n",
      "pad_bot_Q1                        -30.67180   104.80169   -36.59219   \n",
      "pad_top_Q1                        -37.32093   -36.59219    94.40751   \n",
      "readout_connector_pad_Q1          -37.50626   -19.34602    -2.32453   \n",
      "\n",
      "                          readout_connector_pad_Q1  \n",
      "bus1_connector_pad_Q1                     -0.21686  \n",
      "bus2_connector_pad_Q1                     -1.04438  \n",
      "ground_main_plane                        -37.50626  \n",
      "pad_bot_Q1                               -19.34602  \n",
      "pad_top_Q1                                -2.32453  \n",
      "readout_connector_pad_Q1                  61.58379  , 'units': 'fF', 'cap_all_passes': {1: array([[ 4.4199200e-14, -3.9178000e-16, -3.1091380e-14, -1.4374100e-15,\n",
      "        -1.0441670e-14, -1.7158000e-16],\n",
      "       [-3.9178000e-16,  4.6456140e-14, -3.2878510e-14, -1.1647100e-14,\n",
      "        -4.3288000e-16, -3.3889000e-16],\n",
      "       [-3.1091380e-14, -3.2878510e-14,  2.3566345e-13, -2.7935880e-14,\n",
      "        -3.5401170e-14, -3.4006410e-14],\n",
      "       [-1.4374100e-15, -1.1647100e-14, -2.7935880e-14,  8.8120080e-14,\n",
      "        -2.9465170e-14, -1.5957820e-14],\n",
      "       [-1.0441670e-14, -4.3288000e-16, -3.5401170e-14, -2.9465170e-14,\n",
      "         7.9746350e-14, -2.0373100e-15],\n",
      "       [-1.7158000e-16, -3.3889000e-16, -3.4006410e-14, -1.5957820e-14,\n",
      "        -2.0373100e-15,  5.3204620e-14]]), 2: array([[ 4.5544670e-14, -4.5265000e-16, -3.0664150e-14, -1.4148700e-15,\n",
      "        -1.1988920e-14, -2.1314000e-16],\n",
      "       [-4.5265000e-16,  4.9076930e-14, -3.2843090e-14, -1.2160970e-14,\n",
      "        -1.6879900e-15, -1.0002400e-15],\n",
      "       [-3.0664150e-14, -3.2843090e-14,  2.3165799e-13, -2.9777210e-14,\n",
      "        -3.5943840e-14, -3.4273250e-14],\n",
      "       [-1.4148700e-15, -1.2160970e-14, -2.9777210e-14,  9.2793550e-14,\n",
      "        -3.0565710e-14, -1.6897910e-14],\n",
      "       [-1.1988920e-14, -1.6879900e-15, -3.5943840e-14, -3.0565710e-14,\n",
      "         8.4478860e-14, -1.9905500e-15],\n",
      "       [-2.1314000e-16, -1.0002400e-15, -3.4273250e-14, -1.6897910e-14,\n",
      "        -1.9905500e-15,  5.5365650e-14]]), 3: array([[ 4.7921200e-14, -4.5650000e-16, -3.2501100e-14, -1.5755500e-15,\n",
      "        -1.2273340e-14, -2.1863000e-16],\n",
      "       [-4.5650000e-16,  5.1550100e-14, -3.4277900e-14, -1.2934300e-14,\n",
      "        -1.8646600e-15, -1.0045300e-15],\n",
      "       [-3.2501100e-14, -3.4277900e-14,  2.3009788e-13, -3.0249200e-14,\n",
      "        -3.6115770e-14, -3.5040990e-14],\n",
      "       [-1.5755500e-15, -1.2934300e-14, -3.0249200e-14,  9.7299140e-14,\n",
      "        -3.2748000e-14, -1.7600730e-14],\n",
      "       [-1.2273340e-14, -1.8646600e-15, -3.6115770e-14, -3.2748000e-14,\n",
      "         8.7802670e-14, -2.2716500e-15],\n",
      "       [-2.1863000e-16, -1.0045300e-15, -3.5040990e-14, -1.7600730e-14,\n",
      "        -2.2716500e-15,  5.7247970e-14]]), 4: array([[ 4.8641030e-14, -4.5729000e-16, -3.2745500e-14, -1.5924100e-15,\n",
      "        -1.2726390e-14, -2.1723000e-16],\n",
      "       [-4.5729000e-16,  5.2481890e-14, -3.4854730e-14, -1.3215320e-14,\n",
      "        -1.8911200e-15, -1.0331900e-15],\n",
      "       [-3.2745500e-14, -3.4854730e-14,  2.3141522e-13, -3.0305050e-14,\n",
      "        -3.6564240e-14, -3.5630570e-14],\n",
      "       [-1.5924100e-15, -1.3215320e-14, -3.0305050e-14,  9.9186670e-14,\n",
      "        -3.4020180e-14, -1.7834430e-14],\n",
      "       [-1.2726390e-14, -1.8911200e-15, -3.6564240e-14, -3.4020180e-14,\n",
      "         9.0093290e-14, -2.2991900e-15],\n",
      "       [-2.1723000e-16, -1.0331900e-15, -3.5630570e-14, -1.7834430e-14,\n",
      "        -2.2991900e-15,  5.8137620e-14]]), 5: array([[ 4.9285890e-14, -4.5411000e-16, -3.3247460e-14, -1.6065800e-15,\n",
      "        -1.2854060e-14, -2.1599000e-16],\n",
      "       [-4.5411000e-16,  5.3199790e-14, -3.5279080e-14, -1.3563550e-14,\n",
      "        -1.8747000e-15, -1.0074300e-15],\n",
      "       [-3.3247460e-14, -3.5279080e-14,  2.3266543e-13, -3.0685820e-14,\n",
      "        -3.6775870e-14, -3.6124940e-14],\n",
      "       [-1.6065800e-15, -1.3563550e-14, -3.0685820e-14,  1.0140594e-13,\n",
      "        -3.4843460e-14, -1.8442100e-14],\n",
      "       [-1.2854060e-14, -1.8747000e-15, -3.6775870e-14, -3.4843460e-14,\n",
      "         9.1286860e-14, -2.2987000e-15],\n",
      "       [-2.1599000e-16, -1.0074300e-15, -3.6124940e-14, -1.8442100e-14,\n",
      "        -2.2987000e-15,  5.9207490e-14]]), 6: array([[ 4.9949610e-14, -4.5585000e-16, -3.3622140e-14, -1.6035900e-15,\n",
      "        -1.3144540e-14, -2.1569000e-16],\n",
      "       [-4.5585000e-16,  5.3988940e-14, -3.5716910e-14, -1.3859860e-14,\n",
      "        -1.8995400e-15, -1.0236900e-15],\n",
      "       [-3.3622140e-14, -3.5716910e-14,  2.3374303e-13, -3.0612420e-14,\n",
      "        -3.7033910e-14, -3.6481890e-14],\n",
      "       [-1.6035900e-15, -1.3859860e-14, -3.0612420e-14,  1.0268980e-13,\n",
      "        -3.5624070e-14, -1.8727210e-14],\n",
      "       [-1.3144540e-14, -1.8995400e-15, -3.7033910e-14, -3.5624070e-14,\n",
      "         9.2663810e-14, -2.3135800e-15],\n",
      "       [-2.1569000e-16, -1.0236900e-15, -3.6481890e-14, -1.8727210e-14,\n",
      "        -2.3135800e-15,  5.9886130e-14]]), 7: array([[ 5.0259370e-14, -4.5693000e-16, -3.3746310e-14, -1.6141100e-15,\n",
      "        -1.3302080e-14, -2.1669000e-16],\n",
      "       [-4.5693000e-16,  5.4452700e-14, -3.5975790e-14, -1.4038770e-14,\n",
      "        -1.9016600e-15, -1.0349000e-15],\n",
      "       [-3.3746310e-14, -3.5975790e-14,  2.3420799e-13, -3.0625190e-14,\n",
      "        -3.7145310e-14, -3.6769390e-14],\n",
      "       [-1.6141100e-15, -1.4038770e-14, -3.0625190e-14,  1.0339769e-13,\n",
      "        -3.5881690e-14, -1.8981470e-14],\n",
      "       [-1.3302080e-14, -1.9016600e-15, -3.7145310e-14, -3.5881690e-14,\n",
      "         9.3227250e-14, -2.3167600e-15],\n",
      "       [-2.1669000e-16, -1.0349000e-15, -3.6769390e-14, -1.8981470e-14,\n",
      "        -2.3167600e-15,  6.0460250e-14]]), 8: array([[ 5.0684400e-14, -4.5538000e-16, -3.4040240e-14, -1.6131000e-15,\n",
      "        -1.3438610e-14, -2.1624000e-16],\n",
      "       [-4.5538000e-16,  5.5009070e-14, -3.6296950e-14, -1.4264340e-14,\n",
      "        -1.9057200e-15, -1.0397100e-15],\n",
      "       [-3.4040240e-14, -3.6296950e-14,  2.3527047e-13, -3.0676430e-14,\n",
      "        -3.7240890e-14, -3.7120420e-14],\n",
      "       [-1.6131000e-15, -1.4264340e-14, -3.0676430e-14,  1.0421242e-13,\n",
      "        -3.6233000e-14, -1.9168420e-14],\n",
      "       [-1.3438610e-14, -1.9057200e-15, -3.7240890e-14, -3.6233000e-14,\n",
      "         9.3813990e-14, -2.3165400e-15],\n",
      "       [-2.1624000e-16, -1.0397100e-15, -3.7120420e-14, -1.9168420e-14,\n",
      "        -2.3165400e-15,  6.1002440e-14]]), 9: array([[ 5.1181160e-14, -4.5458000e-16, -3.4404810e-14, -1.6151700e-15,\n",
      "        -1.3562650e-14, -2.1686000e-16],\n",
      "       [-4.5458000e-16,  5.5468350e-14, -3.6693470e-14, -1.4314640e-14,\n",
      "        -1.9097400e-15, -1.0443800e-15],\n",
      "       [-3.4404810e-14, -3.6693470e-14,  2.3619350e-13, -3.0671800e-14,\n",
      "        -3.7320930e-14, -3.7506260e-14],\n",
      "       [-1.6151700e-15, -1.4314640e-14, -3.0671800e-14,  1.0480169e-13,\n",
      "        -3.6592190e-14, -1.9346020e-14],\n",
      "       [-1.3562650e-14, -1.9097400e-15, -3.7320930e-14, -3.6592190e-14,\n",
      "         9.4407510e-14, -2.3245300e-15],\n",
      "       [-2.1686000e-16, -1.0443800e-15, -3.7506260e-14, -1.9346020e-14,\n",
      "        -2.3245300e-15,  6.1583790e-14]])}}\n",
      "\n",
      "key=30um\n",
      "option_name['30um']['option_name']=pad_gap\n",
      "variables={'lumped_oscillator': {'fQ': 5.461668357111132, 'EC': 307.4530565438507, 'EJ': 13.616300010297985, 'alpha': -357.09918277525986, 'dispersion': 33.32897228336334, 'gbus': array([116.23585336, -87.81204439,  75.21976857]), 'chi_in_MHz': array([ -3.37330781, -11.46797628,  -5.02692839])}, 'lumped_oscillator_all':          fQ          EC       EJ       alpha  dispersion  \\\n",
      "1  5.830435  353.666082  13.6163 -416.762186  113.226782   \n",
      "2  5.727485  340.387682  13.6163 -399.458689   81.786838   \n",
      "3  5.636547  328.902869  13.6163 -384.597533   60.746972   \n",
      "4   5.56857  320.466098  13.6163 -373.741945   48.324529   \n",
      "5  5.523695  314.965789  13.6163 -366.692525   41.420313   \n",
      "6  5.495464  311.533501  13.6163 -362.304641   37.542289   \n",
      "7  5.473832  308.918107  13.6163 -358.966783   34.793964   \n",
      "8  5.461668  307.453057  13.6163 -357.099183   33.328972   \n",
      "\n",
      "                                                gbus  \\\n",
      "1  [109.02023538705757, -74.64095625132694, 76.44...   \n",
      "2  [112.47943003956888, -83.13946704584622, 69.23...   \n",
      "3  [111.46573708960551, -84.25046721096533, 71.44...   \n",
      "4  [110.77542457580148, -84.49635286763811, 71.61...   \n",
      "5  [113.35711685297987, -84.9757422380841, 72.063...   \n",
      "6  [114.69086410023766, -86.58167544135486, 73.62...   \n",
      "7  [115.62261100422057, -87.27671595153636, 74.46...   \n",
      "8  [116.23585336360853, -87.81204438777317, 75.21...   \n",
      "\n",
      "                                          chi_in_MHz    χr MHz      gr MHz  \n",
      "1  [-5.401880432653213, -46.742869284338056, -16....  5.401880  109.020235  \n",
      "2  [-4.815095165114068, -30.197490683959625, -9.3...  4.815095  112.479430  \n",
      "3  [-4.071551459330617, -20.123478239952476, -7.3...  4.071551  111.465737  \n",
      "4  [-3.6096112993391936, -15.404283496578357, -6....  3.609611  110.775425  \n",
      "5  [-3.525506600394895, -13.230159066036194, -5.4...  3.525507  113.357117  \n",
